Dimension
2

Nodes
41
1	0.5000	0.0000
2	0.5000	0.2500
3	0.5000	0.0063
4	0.5000	0.0125
5	0.5000	0.0188
6	0.5000	0.0250
7	0.5000	0.0313
8	0.5000	0.0375
9	0.5000	0.0438
10	0.5000	0.0500
11	0.5000	0.0563
12	0.5000	0.0625
13	0.5000	0.0688
14	0.5000	0.0750
15	0.5000	0.0813
16	0.5000	0.0875
17	0.5000	0.0938
18	0.5000	0.1000
19	0.5000	0.1063
20	0.5000	0.1125
21	0.5000	0.1188
22	0.5000	0.1250
23	0.5000	0.1313
24	0.5000	0.1375
25	0.5000	0.1438
26	0.5000	0.1500
27	0.5000	0.1563
28	0.5000	0.1625
29	0.5000	0.1688
30	0.5000	0.1750
31	0.5000	0.1813
32	0.5000	0.1875
33	0.5000	0.1938
34	0.5000	0.2000
35	0.5000	0.2063
36	0.5000	0.2125
37	0.5000	0.2188
38	0.5000	0.2250
39	0.5000	0.2313
40	0.5000	0.2375
41	0.5000	0.2438




Immersed Boundary Elements
40
1	1	1	3
2	1	3	4
3	1	4	5
4	1	5	6
5	1	6	7
6	1	7	8
7	1	8	9
8	1	9	10
9	1	10	11
10	1	11	12
11	1	12	13
12	1	13	14
13	1	14	15
14	1	15	16
15	1	16	17
16	1	17	18
17	1	18	19
18	1	19	20
19	1	20	21
20	1	21	22
21	1	22	23
22	1	23	24
23	1	24	25
24	1	25	26
25	1	26	27
26	1	27	28
27	1	28	29
28	1	29	30
29	1	30	31
30	1	31	32
31	1	32	33
32	1	33	34
33	1	34	35
34	1	35	36
35	1	36	37
36	1	37	38
37	1	38	39
38	1	39	40
39	1	40	41
40	1	41	2




